Alignment calculated 20220531.

Channels:

ch_488
ch_637

Alignment in z:

1.000000000000000000e+00,0.000000000000000000e+00,-9.647823873137895134e-09
0.000000000000000000e+00,1.000000000000000000e+00,1.397779669787269086e-09
0.000000000000000000e+00,0.000000000000000000e+00,1.000000000000000000e+00

1.000000000000000000e+00,0.000000000000000000e+00,4.988717087623165014e+00
0.000000000000000000e+00,1.000000000000000000e+00,-7.520380188046260628e+00
0.000000000000000000e+00,0.000000000000000000e+00,1.000000000000000000e+00


Step in z:

99

Alignment in xy:

9.999999999923043781e-01,-5.086375765017692174e-12,8.138385965139605105e-09
5.086597809622617206e-12,9.999999999923040450e-01,1.832631824072450399e-09
0.000000000000000000e+00,0.000000000000000000e+00,1.000000000000000000e+00

9.974900321407795811e-01,-2.432242625140634829e-03,4.434560494097468109e+00
2.432242625140856873e-03,9.974900321407795811e-01,-6.100284560708473691e+00
0.000000000000000000e+00,0.000000000000000000e+00,1.000000000000000000e+00


Alignment in xyz (2.5D):

9.999999999923043781e-01,-5.086375765017692174e-12,0.000000000000000000e+00,8.138385965139605105e-09
5.086597809622617206e-12,9.999999999923040450e-01,0.000000000000000000e+00,1.832631824072450399e-09
0.000000000000000000e+00,0.000000000000000000e+00,1.000000000000000000e+00,-9.647823873137895134e-09
0.000000000000000000e+00,0.000000000000000000e+00,0.000000000000000000e+00,1.000000000000000000e+00

9.974900321407795811e-01,-2.432242625140634829e-03,0.000000000000000000e+00,4.434560494097468109e+00
2.432242625140856873e-03,9.974900321407795811e-01,0.000000000000000000e+00,-6.100284560708473691e+00
0.000000000000000000e+00,0.000000000000000000e+00,1.000000000000000000e+00,4.988717087623165014e+00
0.000000000000000000e+00,0.000000000000000000e+00,0.000000000000000000e+00,1.000000000000000000e+00

