Alignment calculated 20220531.

Channels:

ch_488
ch_561

Alignment in z:

1.000000000000000000e+00,0.000000000000000000e+00,-9.492037378322493169e-09
0.000000000000000000e+00,1.000000000000000000e+00,1.737589627737179399e-09
0.000000000000000000e+00,0.000000000000000000e+00,1.000000000000000000e+00

1.000000000000000000e+00,0.000000000000000000e+00,2.090176635449189746e+00
0.000000000000000000e+00,1.000000000000000000e+00,-7.248754305372017370e+00
0.000000000000000000e+00,0.000000000000000000e+00,1.000000000000000000e+00


Step in z:

99

Alignment in xy:

1.000000000000307310e+00,2.168931700907705817e-12,-3.089780875598080456e-09
-2.168709656302780786e-12,1.000000000000307310e+00,3.634568201960064471e-10
0.000000000000000000e+00,0.000000000000000000e+00,1.000000000000000000e+00

9.961179398085884262e-01,-2.442364944570174501e-03,5.255438167033844366e+00
2.442364944570396545e-03,9.961179398085884262e-01,-4.892995350583646541e+00
0.000000000000000000e+00,0.000000000000000000e+00,1.000000000000000000e+00


Alignment in xyz (2.5D):

1.000000000000307310e+00,2.168931700907705817e-12,0.000000000000000000e+00,-3.089780875598080456e-09
-2.168709656302780786e-12,1.000000000000307310e+00,0.000000000000000000e+00,3.634568201960064471e-10
0.000000000000000000e+00,0.000000000000000000e+00,1.000000000000000000e+00,-9.492037378322493169e-09
0.000000000000000000e+00,0.000000000000000000e+00,0.000000000000000000e+00,1.000000000000000000e+00

9.961179398085884262e-01,-2.442364944570174501e-03,0.000000000000000000e+00,5.255438167033844366e+00
2.442364944570396545e-03,9.961179398085884262e-01,0.000000000000000000e+00,-4.892995350583646541e+00
0.000000000000000000e+00,0.000000000000000000e+00,1.000000000000000000e+00,2.090176635449189746e+00
0.000000000000000000e+00,0.000000000000000000e+00,0.000000000000000000e+00,1.000000000000000000e+00

