Alignment calculated 20220531.

Channels:

ch_637
ch_561
ch_488
ch_405

Alignment in z:

1.000000000000000000e+00,0.000000000000000000e+00,-1.795569914975203574e-08
0.000000000000000000e+00,1.000000000000000000e+00,3.694367478601634502e-09
0.000000000000000000e+00,0.000000000000000000e+00,1.000000000000000000e+00

1.000000000000000000e+00,0.000000000000000000e+00,1.724365937220264300e+01
0.000000000000000000e+00,1.000000000000000000e+00,-2.250980294505779966e-01
0.000000000000000000e+00,0.000000000000000000e+00,1.000000000000000000e+00

1.000000000000000000e+00,0.000000000000000000e+00,2.155597960313822625e+01
0.000000000000000000e+00,1.000000000000000000e+00,-1.691460393078614288e-01
0.000000000000000000e+00,0.000000000000000000e+00,1.000000000000000000e+00

1.000000000000000000e+00,0.000000000000000000e+00,-8.563478210598475471e+00
0.000000000000000000e+00,1.000000000000000000e+00,2.784738754023692309e-01
0.000000000000000000e+00,0.000000000000000000e+00,1.000000000000000000e+00


Step in z:

99

Alignment in xy:

9.999999999989512833e-01,-7.517320099736934935e-13,1.970420271391049027e-09
7.520650768810810405e-13,9.999999999989508392e-01,1.991793396882712841e-09
0.000000000000000000e+00,0.000000000000000000e+00,1.000000000000000000e+00

1.001039100899985934e+00,-5.496065857779619535e-05,-1.120059460511129146e+00
5.496065857801823995e-05,1.001039100899985712e+00,-1.158158597600959183e+00
0.000000000000000000e+00,0.000000000000000000e+00,1.000000000000000000e+00

1.001576301211466902e+00,-4.181475024811476260e-05,-1.602511644013020486e+00
4.181475024833680720e-05,1.001576301211466680e+00,-1.676469915613324702e+00
0.000000000000000000e+00,0.000000000000000000e+00,1.000000000000000000e+00

1.001565569960090052e+00,2.778772308864585483e-05,-1.632206545996950808e+00
-2.778772308853483253e-05,1.001565569960089386e+00,-1.107219852513026126e+00
0.000000000000000000e+00,0.000000000000000000e+00,1.000000000000000000e+00


Alignment in xyz (2.5D):

9.999999999989512833e-01,-7.517320099736934935e-13,0.000000000000000000e+00,1.970420271391049027e-09
7.520650768810810405e-13,9.999999999989508392e-01,0.000000000000000000e+00,1.991793396882712841e-09
0.000000000000000000e+00,0.000000000000000000e+00,1.000000000000000000e+00,-1.795569914975203574e-08
0.000000000000000000e+00,0.000000000000000000e+00,0.000000000000000000e+00,1.000000000000000000e+00

1.001039100899985934e+00,-5.496065857779619535e-05,0.000000000000000000e+00,-1.120059460511129146e+00
5.496065857801823995e-05,1.001039100899985712e+00,0.000000000000000000e+00,-1.158158597600959183e+00
0.000000000000000000e+00,0.000000000000000000e+00,1.000000000000000000e+00,1.724365937220264300e+01
0.000000000000000000e+00,0.000000000000000000e+00,0.000000000000000000e+00,1.000000000000000000e+00

1.001576301211466902e+00,-4.181475024811476260e-05,0.000000000000000000e+00,-1.602511644013020486e+00
4.181475024833680720e-05,1.001576301211466680e+00,0.000000000000000000e+00,-1.676469915613324702e+00
0.000000000000000000e+00,0.000000000000000000e+00,1.000000000000000000e+00,2.155597960313822625e+01
0.000000000000000000e+00,0.000000000000000000e+00,0.000000000000000000e+00,1.000000000000000000e+00

1.001565569960090052e+00,2.778772308864585483e-05,0.000000000000000000e+00,-1.632206545996950808e+00
-2.778772308853483253e-05,1.001565569960089386e+00,0.000000000000000000e+00,-1.107219852513026126e+00
0.000000000000000000e+00,0.000000000000000000e+00,1.000000000000000000e+00,-8.563478210598475471e+00
0.000000000000000000e+00,0.000000000000000000e+00,0.000000000000000000e+00,1.000000000000000000e+00

