Alignment calculated 20220815.

Channels:

ch_488
ch_637

Alignment in xy:

1.000000000004792611e+00,-1.484368183923834295e-12,-1.611624611541628838e-09
1.484590228528759326e-12,1.000000000004792611e+00,-5.324068297341000289e-09
0.000000000000000000e+00,0.000000000000000000e+00,1.000000000000000000e+00

9.976979240213623701e-01,-2.436568732841815077e-03,4.364677743039464985e+00
2.436568732842037122e-03,9.976979240213621480e-01,-6.215948055487956481e+00
0.000000000000000000e+00,0.000000000000000000e+00,1.000000000000000000e+00

