Alignment calculated 20220531.

Channels:

ch_637
ch_561
ch_488
ch_405

Alignment in z:

1.000000000000000000e+00,0.000000000000000000e+00,7.105256827344419435e-09
0.000000000000000000e+00,1.000000000000000000e+00,1.102989699575118721e-09
0.000000000000000000e+00,0.000000000000000000e+00,1.000000000000000000e+00

1.000000000000000000e+00,0.000000000000000000e+00,1.295130477104527245e+01
0.000000000000000000e+00,1.000000000000000000e+00,5.415345109213376418e-03
0.000000000000000000e+00,0.000000000000000000e+00,1.000000000000000000e+00

1.000000000000000000e+00,0.000000000000000000e+00,1.575078039895953452e+01
0.000000000000000000e+00,1.000000000000000000e+00,2.198121964206620760e-01
0.000000000000000000e+00,0.000000000000000000e+00,1.000000000000000000e+00

1.000000000000000000e+00,0.000000000000000000e+00,-4.047522059527054239e+00
0.000000000000000000e+00,1.000000000000000000e+00,1.266479140647334134e+00
0.000000000000000000e+00,0.000000000000000000e+00,1.000000000000000000e+00


Step in z:

99

Alignment in xy:

1.000000000001421530e+00,-6.223910276048627566e-13,-1.514990799478255212e-09
6.226130722097877879e-13,1.000000000001421085e+00,-1.671423888183198869e-09
0.000000000000000000e+00,0.000000000000000000e+00,1.000000000000000000e+00

1.001081074209056343e+00,8.392622273123429011e-05,-1.156017531687211886e+00
-8.392622273101224550e-05,1.001081074209055899e+00,-7.847743065462964296e-01
0.000000000000000000e+00,0.000000000000000000e+00,1.000000000000000000e+00

1.001709857663507064e+00,1.380527823058308456e-04,-1.540842638450158120e+00
-1.380527823056088010e-04,1.001709857663506620e+00,-1.138710234024983947e+00
0.000000000000000000e+00,0.000000000000000000e+00,1.000000000000000000e+00

1.002301584666902334e+00,-3.443944143155519555e-05,-1.847676799778582790e+00
3.443944143177724015e-05,1.002301584666902556e+00,-1.600247206574067604e+00
0.000000000000000000e+00,0.000000000000000000e+00,1.000000000000000000e+00


Alignment in xyz (2.5D):

1.000000000001421530e+00,-6.223910276048627566e-13,0.000000000000000000e+00,-1.514990799478255212e-09
6.226130722097877879e-13,1.000000000001421085e+00,0.000000000000000000e+00,-1.671423888183198869e-09
0.000000000000000000e+00,0.000000000000000000e+00,1.000000000000000000e+00,7.105256827344419435e-09
0.000000000000000000e+00,0.000000000000000000e+00,0.000000000000000000e+00,1.000000000000000000e+00

1.001081074209056343e+00,8.392622273123429011e-05,0.000000000000000000e+00,-1.156017531687211886e+00
-8.392622273101224550e-05,1.001081074209055899e+00,0.000000000000000000e+00,-7.847743065462964296e-01
0.000000000000000000e+00,0.000000000000000000e+00,1.000000000000000000e+00,1.295130477104527245e+01
0.000000000000000000e+00,0.000000000000000000e+00,0.000000000000000000e+00,1.000000000000000000e+00

1.001709857663507064e+00,1.380527823058308456e-04,0.000000000000000000e+00,-1.540842638450158120e+00
-1.380527823056088010e-04,1.001709857663506620e+00,0.000000000000000000e+00,-1.138710234024983947e+00
0.000000000000000000e+00,0.000000000000000000e+00,1.000000000000000000e+00,1.575078039895953452e+01
0.000000000000000000e+00,0.000000000000000000e+00,0.000000000000000000e+00,1.000000000000000000e+00

1.002301584666902334e+00,-3.443944143155519555e-05,0.000000000000000000e+00,-1.847676799778582790e+00
3.443944143177724015e-05,1.002301584666902556e+00,0.000000000000000000e+00,-1.600247206574067604e+00
0.000000000000000000e+00,0.000000000000000000e+00,1.000000000000000000e+00,-4.047522059527054239e+00
0.000000000000000000e+00,0.000000000000000000e+00,0.000000000000000000e+00,1.000000000000000000e+00

