Alignment calculated 20220531.

Channels:

ch_488
ch_637

Alignment in z:

1.000000000000000000e+00,0.000000000000000000e+00,5.720650619878142606e-10
0.000000000000000000e+00,1.000000000000000000e+00,2.235879037471022457e-09
0.000000000000000000e+00,0.000000000000000000e+00,1.000000000000000000e+00

1.000000000000000000e+00,0.000000000000000000e+00,5.502922897267879421e+00
0.000000000000000000e+00,1.000000000000000000e+00,-2.721812938709490481e+00
0.000000000000000000e+00,0.000000000000000000e+00,1.000000000000000000e+00


Step in z:

99

Alignment in xy:

1.000000000002375211e+00,7.669198609505656350e-12,-5.179799700272269547e-09
-7.669198609505656350e-12,1.000000000002374767e+00,7.128164725145325065e-10
0.000000000000000000e+00,0.000000000000000000e+00,1.000000000000000000e+00

1.002332684034004551e+00,-2.471849535372161455e-03,8.426905724968491995e-01
2.471849535372383500e-03,1.002332684034004329e+00,-3.868779988562891958e+00
0.000000000000000000e+00,0.000000000000000000e+00,1.000000000000000000e+00


Alignment in xyz (2.5D):

1.000000000002375211e+00,7.669198609505656350e-12,0.000000000000000000e+00,-5.179799700272269547e-09
-7.669198609505656350e-12,1.000000000002374767e+00,0.000000000000000000e+00,7.128164725145325065e-10
0.000000000000000000e+00,0.000000000000000000e+00,1.000000000000000000e+00,5.720650619878142606e-10
0.000000000000000000e+00,0.000000000000000000e+00,0.000000000000000000e+00,1.000000000000000000e+00

1.002332684034004551e+00,-2.471849535372161455e-03,0.000000000000000000e+00,8.426905724968491995e-01
2.471849535372383500e-03,1.002332684034004329e+00,0.000000000000000000e+00,-3.868779988562891958e+00
0.000000000000000000e+00,0.000000000000000000e+00,1.000000000000000000e+00,5.502922897267879421e+00
0.000000000000000000e+00,0.000000000000000000e+00,0.000000000000000000e+00,1.000000000000000000e+00

