Alignment calculated 20220531.

Channels:

ch_488
ch_561

Alignment in z:

1.000000000000000000e+00,0.000000000000000000e+00,3.195729902927268995e-09
0.000000000000000000e+00,1.000000000000000000e+00,2.731894710450433195e-10
0.000000000000000000e+00,0.000000000000000000e+00,1.000000000000000000e+00

1.000000000000000000e+00,0.000000000000000000e+00,1.996295027888333351e+00
0.000000000000000000e+00,1.000000000000000000e+00,-1.753035447428658244e+00
0.000000000000000000e+00,0.000000000000000000e+00,1.000000000000000000e+00


Step in z:

99

Alignment in xy:

1.000000000001651568e+00,-3.332889519924719934e-13,-1.678131411608774215e-09
3.335109965973970247e-13,1.000000000001651124e+00,-6.601794666494242847e-10
0.000000000000000000e+00,0.000000000000000000e+00,1.000000000000000000e+00

1.001312263395606639e+00,-2.475730107492468690e-03,1.567261915581411813e+00
2.475730107492690735e-03,1.001312263395606195e+00,-2.541838695514911706e+00
0.000000000000000000e+00,0.000000000000000000e+00,1.000000000000000000e+00


Alignment in xyz (2.5D):

1.000000000001651568e+00,-3.332889519924719934e-13,0.000000000000000000e+00,-1.678131411608774215e-09
3.335109965973970247e-13,1.000000000001651124e+00,0.000000000000000000e+00,-6.601794666494242847e-10
0.000000000000000000e+00,0.000000000000000000e+00,1.000000000000000000e+00,3.195729902927268995e-09
0.000000000000000000e+00,0.000000000000000000e+00,0.000000000000000000e+00,1.000000000000000000e+00

1.001312263395606639e+00,-2.475730107492468690e-03,0.000000000000000000e+00,1.567261915581411813e+00
2.475730107492690735e-03,1.001312263395606195e+00,0.000000000000000000e+00,-2.541838695514911706e+00
0.000000000000000000e+00,0.000000000000000000e+00,1.000000000000000000e+00,1.996295027888333351e+00
0.000000000000000000e+00,0.000000000000000000e+00,0.000000000000000000e+00,1.000000000000000000e+00

