Alignment calculated 20220531.

Channels:

ch_637
ch_561
ch_488
ch_405

Alignment in z:

1.000000000000000000e+00,0.000000000000000000e+00,6.095611126966105076e-09
0.000000000000000000e+00,1.000000000000000000e+00,4.804405762115493417e-10
0.000000000000000000e+00,0.000000000000000000e+00,1.000000000000000000e+00

1.000000000000000000e+00,0.000000000000000000e+00,3.572786520225228912e+00
0.000000000000000000e+00,1.000000000000000000e+00,6.845585283053878811e-02
0.000000000000000000e+00,0.000000000000000000e+00,1.000000000000000000e+00

1.000000000000000000e+00,0.000000000000000000e+00,5.352252157996552739e+00
0.000000000000000000e+00,1.000000000000000000e+00,1.632270604736731912e-01
0.000000000000000000e+00,0.000000000000000000e+00,1.000000000000000000e+00

1.000000000000000000e+00,0.000000000000000000e+00,-7.923224375389210650e-01
0.000000000000000000e+00,1.000000000000000000e+00,8.170570519848752156e-01
0.000000000000000000e+00,0.000000000000000000e+00,1.000000000000000000e+00


Step in z:

99

Alignment in xy:

9.999999999985497157e-01,-2.147171329625052749e-12,2.748720362433232367e-09
2.147615418834902812e-12,9.999999999985494936e-01,-1.311036612605676055e-09
0.000000000000000000e+00,0.000000000000000000e+00,1.000000000000000000e+00

1.001165108906674206e+00,2.894820179233370538e-06,-1.612680731406726409e+00
-2.894820179122348236e-06,1.001165108906674206e+00,-1.274867718412224349e+00
0.000000000000000000e+00,0.000000000000000000e+00,1.000000000000000000e+00

1.001823945771417979e+00,-1.191184203597206448e-05,-2.290528674587221758e+00
1.191184203630513139e-05,1.001823945771418201e+00,-1.919518022302781901e+00
0.000000000000000000e+00,0.000000000000000000e+00,1.000000000000000000e+00

1.002359162491299971e+00,-4.113954873963265868e-05,-2.059782296158118697e+00
4.113954873985470329e-05,1.002359162491299971e+00,-1.996208693038852289e+00
0.000000000000000000e+00,0.000000000000000000e+00,1.000000000000000000e+00


Alignment in xyz (2.5D):

9.999999999985497157e-01,-2.147171329625052749e-12,0.000000000000000000e+00,2.748720362433232367e-09
2.147615418834902812e-12,9.999999999985494936e-01,0.000000000000000000e+00,-1.311036612605676055e-09
0.000000000000000000e+00,0.000000000000000000e+00,1.000000000000000000e+00,6.095611126966105076e-09
0.000000000000000000e+00,0.000000000000000000e+00,0.000000000000000000e+00,1.000000000000000000e+00

1.001165108906674206e+00,2.894820179233370538e-06,0.000000000000000000e+00,-1.612680731406726409e+00
-2.894820179122348236e-06,1.001165108906674206e+00,0.000000000000000000e+00,-1.274867718412224349e+00
0.000000000000000000e+00,0.000000000000000000e+00,1.000000000000000000e+00,3.572786520225228912e+00
0.000000000000000000e+00,0.000000000000000000e+00,0.000000000000000000e+00,1.000000000000000000e+00

1.001823945771417979e+00,-1.191184203597206448e-05,0.000000000000000000e+00,-2.290528674587221758e+00
1.191184203630513139e-05,1.001823945771418201e+00,0.000000000000000000e+00,-1.919518022302781901e+00
0.000000000000000000e+00,0.000000000000000000e+00,1.000000000000000000e+00,5.352252157996552739e+00
0.000000000000000000e+00,0.000000000000000000e+00,0.000000000000000000e+00,1.000000000000000000e+00

1.002359162491299971e+00,-4.113954873963265868e-05,0.000000000000000000e+00,-2.059782296158118697e+00
4.113954873985470329e-05,1.002359162491299971e+00,0.000000000000000000e+00,-1.996208693038852289e+00
0.000000000000000000e+00,0.000000000000000000e+00,1.000000000000000000e+00,-7.923224375389210650e-01
0.000000000000000000e+00,0.000000000000000000e+00,0.000000000000000000e+00,1.000000000000000000e+00

